stationID=AGO-TEST
startup_delay=30
latitude=48.37327
longitude=17.27402
h_dark=-12.0
deltaT=68.1577